738
500 0.0 0.0
501 0.0 0.09
502 0.001 0.0
503 0.001 0.09
504 0.002 0.0
505 0.002 0.09
506 0.003 0.0
507 0.003 0.09
508 0.004 0.0
509 0.004 0.09
510 0.005 0.0
511 0.005 0.09
512 0.006 0.0
513 0.006 0.09
514 0.007 0.0
515 0.007 0.09
516 0.008 0.0
517 0.008 0.09
518 0.009 0.0
519 0.009 0.09
520 0.01 0.0
521 0.01 0.09
522 0.011 0.0
523 0.011 0.09
524 0.012 0.0
525 0.012 0.09
526 0.013 0.0
527 0.013 0.09
528 0.014 0.0
529 0.014 0.09
530 0.015 0.0
531 0.015 0.09
532 0.016 0.0
533 0.016 0.09
534 0.017 0.0
535 0.017 0.09
536 0.018 0.0
537 0.018 0.09
538 0.019 0.0
539 0.019 0.09
540 0.02 0.0
541 0.02 0.09
542 0.021 0.0
543 0.021 0.09
544 0.022 0.0
545 0.022 0.09
546 0.023 0.0
547 0.023 0.09
548 0.024 0.0
549 0.024 0.09
550 0.025 0.0
551 0.025 0.09
552 0.026 0.0
553 0.026 0.09
554 0.027 0.0
555 0.027 0.09
556 0.028 0.0
557 0.028 0.09
558 0.029 0.0
559 0.029 0.09
560 0.03 0.0
561 0.03 0.09
562 0.031 0.0
563 0.031 0.09
564 0.032 0.0
565 0.032 0.09
566 0.033 0.0
567 0.033 0.09
568 0.034 0.0
569 0.034 0.09
570 0.035 0.0
571 0.035 0.09
572 0.036 0.0
573 0.036 0.09
574 0.037 0.0
575 0.037 0.09
576 0.038 0.0
577 0.038 0.09
578 0.039 0.0
579 0.039 0.09
580 0.04 0.0
581 0.04 0.09
582 0.041 0.0
583 0.041 0.09
584 0.042 0.0
585 0.042 0.09
586 0.043 0.0
587 0.043 0.09
588 0.044 0.0
589 0.044 0.09
590 0.045 0.0
591 0.045 0.09
592 0.046 0.0
593 0.046 0.09
594 0.047 0.0
595 0.047 0.09
596 0.048 0.0
597 0.048 0.09
598 0.049 0.0
599 0.049 0.09
600 0.05 0.0
601 0.05 0.09
602 0.051 0.0
603 0.051 0.09
604 0.052 0.0
605 0.052 0.09
606 0.053 0.0
607 0.053 0.09
608 0.054 0.0
609 0.054 0.09
610 0.055 0.0
611 0.055 0.09
612 0.056 0.0
613 0.056 0.09
614 0.057 0.0
615 0.057 0.09
616 0.058 0.0
617 0.058 0.09
618 0.059 0.0
619 0.059 0.09
620 0.06 0.0
621 0.06 0.09
622 0.061 0.0
623 0.061 0.09
624 0.062 0.0
625 0.062 0.09
626 0.063 0.0
627 0.063 0.09
628 0.064 0.0
629 0.064 0.09
630 0.065 0.0
631 0.065 0.09
632 0.066 0.0
633 0.066 0.09
634 0.067 0.0
635 0.067 0.09
636 0.068 0.0
637 0.068 0.09
638 0.069 0.0
639 0.069 0.09
640 0.07 0.0
641 0.07 0.09
642 0.071 0.0
643 0.071 0.09
644 0.072 0.0
645 0.072 0.09
646 0.073 0.0
647 0.073 0.09
648 0.074 0.0
649 0.074 0.09
650 0.075 0.0
651 0.075 0.09
652 0.076 0.0
653 0.076 0.09
654 0.077 0.0
655 0.077 0.09
656 0.078 0.0
657 0.078 0.09
658 0.079 0.0
659 0.079 0.09
660 0.08 0.0
661 0.08 0.09
662 0.081 0.0
663 0.081 0.09
664 0.082 0.0
665 0.082 0.09
666 0.083 0.0
667 0.083 0.09
668 0.084 0.0
669 0.084 0.09
670 0.085 0.0
671 0.085 0.09
672 0.086 0.0
673 0.086 0.09
674 0.087 0.0
675 0.087 0.09
676 0.088 0.0
677 0.088 0.09
678 0.089 0.0
679 0.089 0.09
680 0.09 0.0
681 0.09 0.09
682 0.091 0.0
683 0.091 0.09
684 0.092 0.0
685 0.092 0.09
686 0.093 0.0
687 0.093 0.09
688 0.094 0.0
689 0.094 0.09
690 0.095 0.0
691 0.095 0.09
692 0.096 0.0
693 0.096 0.09
694 0.097 0.0
695 0.097 0.09
696 0.098 0.0
697 0.098 0.09
698 0.099 0.0
699 0.099 0.09
700 0.1 0.0
701 0.1 0.09
702 0.101 0.0
703 0.101 0.09
704 0.102 0.0
705 0.102 0.09
706 0.103 0.0
707 0.103 0.09
708 0.104 0.0
709 0.104 0.09
710 0.105 0.0
711 0.105 0.09
712 0.106 0.0
713 0.106 0.09
714 0.107 0.0
715 0.107 0.09
716 0.108 0.0
717 0.108 0.09
718 0.109 0.0
719 0.109 0.09
720 0.11 0.0
721 0.11 0.09
722 0.111 0.0
723 0.111 0.09
724 0.112 0.0
725 0.112 0.09
726 0.113 0.0
727 0.113 0.09
728 0.114 0.0
729 0.114 0.09
730 0.115 0.0
731 0.115 0.09
732 0.116 0.0
733 0.116 0.09
734 0.117 0.0
735 0.117 0.09
736 0.118 0.0
737 0.118 0.09
738 0.119 0.0
739 0.119 0.09
740 0.12 0.0
741 0.12 0.09
742 0.121 0.0
743 0.121 0.09
744 0.122 0.0
745 0.122 0.09
746 0.123 0.0
747 0.123 0.09
748 0.124 0.0
749 0.124 0.09
750 0.125 0.0
751 0.125 0.09
752 0.126 0.0
753 0.126 0.09
754 0.127 0.0
755 0.127 0.09
756 0.128 0.0
757 0.128 0.09
758 0.129 0.0
759 0.129 0.09
760 0.13 0.0
761 0.13 0.09
762 0.131 0.0
763 0.131 0.09
764 0.132 0.0
765 0.132 0.09
766 0.133 0.0
767 0.133 0.09
768 0.134 0.0
769 0.134 0.09
770 0.135 0.0
771 0.135 0.09
772 0.136 0.0
773 0.136 0.09
774 0.137 0.0
775 0.137 0.09
776 0.138 0.0
777 0.138 0.09
778 0.139 0.0
779 0.139 0.09
780 0.14 0.0
781 0.14 0.09
782 0.141 0.0
783 0.141 0.09
784 0.142 0.0
785 0.142 0.09
786 0.143 0.0
787 0.143 0.09
788 0.144 0.0
789 0.144 0.09
790 0.145 0.0
791 0.145 0.09
792 0.146 0.0
793 0.146 0.09
794 0.147 0.0
795 0.147 0.09
796 0.148 0.0
797 0.148 0.09
798 0.149 0.0
799 0.149 0.09
800 0.15 0.0
801 0.15 0.09
802 0.151 0.0
803 0.151 0.09
804 0.152 0.0
805 0.152 0.09
806 0.153 0.0
807 0.153 0.09
808 0.154 0.0
809 0.154 0.09
810 0.155 0.0
811 0.155 0.09
812 0.156 0.0
813 0.156 0.09
814 0.157 0.0
815 0.157 0.09
816 0.158 0.0
817 0.158 0.09
818 0.159 0.0
819 0.159 0.09
820 0.16 0.0
821 0.16 0.09
822 0.161 0.0
823 0.161 0.09
824 0.162 0.0
825 0.162 0.09
826 0.163 0.0
827 0.163 0.09
828 0.164 0.0
829 0.164 0.09
830 0.165 0.0
831 0.165 0.09
832 0.166 0.0
833 0.166 0.09
834 0.167 0.0
835 0.167 0.09
836 0.168 0.0
837 0.168 0.09
838 0.169 0.0
839 0.169 0.09
840 0.17 0.0
841 0.17 0.09
842 0.171 0.0
843 0.171 0.09
844 0.172 0.0
845 0.172 0.09
846 0.173 0.0
847 0.173 0.09
848 0.174 0.0
849 0.174 0.09
850 0.175 0.0
851 0.175 0.09
852 0.176 0.0
853 0.176 0.09
854 0.177 0.0
855 0.177 0.09
856 0.178 0.0
857 0.178 0.09
858 0.179 0.0
859 0.179 0.09
860 0.18 0.0
861 0.18 0.09
862 0.181 0.0
863 0.181 0.09
864 0.182 0.0
865 0.182 0.09
866 0.183 0.0
867 0.183 0.09
868 0.184 0.0
869 0.184 0.09
870 0.185 0.0
871 0.185 0.09
872 0.186 0.0
873 0.186 0.09
874 0.187 0.0
875 0.187 0.09
876 0.188 0.0
877 0.188 0.09
878 0.189 0.0
879 0.189 0.09
880 0.19 0.0
881 0.19 0.09
882 0.191 0.0
883 0.191 0.09
884 0.192 0.0
885 0.192 0.09
886 0.193 0.0
887 0.193 0.09
888 0.194 0.0
889 0.194 0.09
890 0.195 0.0
891 0.195 0.09
892 0.196 0.0
893 0.196 0.09
894 0.197 0.0
895 0.197 0.09
896 0.198 0.0
897 0.198 0.09
898 0.199 0.0
899 0.199 0.09
900 0.2 0.0
901 0.2 0.09
902 0.201 0.0
903 0.201 0.09
904 0.202 0.0
905 0.202 0.09
906 0.203 0.0
907 0.203 0.09
908 0.204 0.0
909 0.204 0.09
910 0.205 0.0
911 0.205 0.09
912 0.206 0.0
913 0.206 0.09
914 0.207 0.0
915 0.207 0.09
916 0.208 0.0
917 0.208 0.09
918 0.209 0.0
919 0.209 0.09
920 0.21 0.0
921 0.21 0.09
922 0.211 0.0
923 0.211 0.09
924 0.212 0.0
925 0.212 0.09
926 0.213 0.0
927 0.213 0.09
928 0.214 0.0
929 0.214 0.09
930 0.215 0.0
931 0.215 0.09
932 0.216 0.0
933 0.216 0.09
934 0.217 0.0
935 0.217 0.09
936 0.218 0.0
937 0.218 0.09
938 0.219 0.0
939 0.219 0.09
940 0.22 0.0
941 0.22 0.09
942 0.221 0.0
943 0.221 0.09
944 0.222 0.0
945 0.222 0.09
946 0.223 0.0
947 0.223 0.09
948 0.224 0.0
949 0.224 0.09
950 0.225 0.0
951 0.225 0.09
952 0.226 0.0
953 0.226 0.09
954 0.227 0.0
955 0.227 0.09
956 0.228 0.0
957 0.228 0.09
958 0.229 0.0
959 0.229 0.09
960 0.23 0.0
961 0.23 0.09
962 0.231 0.0
963 0.231 0.09
964 0.232 0.0
965 0.232 0.09
966 0.233 0.0
967 0.233 0.09
968 0.234 0.0
969 0.234 0.09
970 0.235 0.0
971 0.235 0.09
972 0.236 0.0
973 0.236 0.09
974 0.237 0.0
975 0.237 0.09
976 0.238 0.0
977 0.238 0.09
978 0.239 0.0
979 0.239 0.09
980 0.0 0.0
981 0.24 0.0
982 0.12 0.0
983 0.0 0.001
984 0.24 0.001
985 0.12 0.001
986 0.0 0.002
987 0.24 0.002
988 0.12 0.002
989 0.0 0.003
990 0.24 0.003
991 0.12 0.003
992 0.0 0.004
993 0.24 0.004
994 0.12 0.004
995 0.0 0.005
996 0.24 0.005
997 0.12 0.005
998 0.0 0.006
999 0.24 0.006
1000 0.12 0.006
1001 0.0 0.007
1002 0.24 0.007
1003 0.12 0.007
1004 0.0 0.008
1005 0.24 0.008
1006 0.12 0.008
1007 0.0 0.009
1008 0.24 0.009
1009 0.12 0.009
1010 0.0 0.01
1011 0.24 0.01
1012 0.12 0.01
1013 0.0 0.011
1014 0.24 0.011
1015 0.12 0.011
1016 0.0 0.012
1017 0.24 0.012
1018 0.12 0.012
1019 0.0 0.013
1020 0.24 0.013
1021 0.12 0.013
1022 0.0 0.014
1023 0.24 0.014
1024 0.12 0.014
1025 0.0 0.015
1026 0.24 0.015
1027 0.12 0.015
1028 0.0 0.016
1029 0.24 0.016
1030 0.12 0.016
1031 0.0 0.017
1032 0.24 0.017
1033 0.12 0.017
1034 0.0 0.018
1035 0.24 0.018
1036 0.12 0.018
1037 0.0 0.019
1038 0.24 0.019
1039 0.12 0.019
1040 0.0 0.02
1041 0.24 0.02
1042 0.12 0.02
1043 0.0 0.021
1044 0.24 0.021
1045 0.12 0.021
1046 0.0 0.022
1047 0.24 0.022
1048 0.12 0.022
1049 0.0 0.023
1050 0.24 0.023
1051 0.12 0.023
1052 0.0 0.024
1053 0.24 0.024
1054 0.12 0.024
1055 0.0 0.025
1056 0.24 0.025
1057 0.12 0.025
1058 0.0 0.026
1059 0.24 0.026
1060 0.12 0.026
1061 0.0 0.027
1062 0.24 0.027
1063 0.12 0.027
1064 0.0 0.028
1065 0.24 0.028
1066 0.12 0.028
1067 0.0 0.029
1068 0.24 0.029
1069 0.12 0.029
1070 0.0 0.03
1071 0.24 0.03
1072 0.12 0.03
1073 0.0 0.031
1074 0.24 0.031
1075 0.12 0.031
1076 0.0 0.032
1077 0.24 0.032
1078 0.12 0.032
1079 0.0 0.033
1080 0.24 0.033
1081 0.12 0.033
1082 0.0 0.034
1083 0.24 0.034
1084 0.12 0.034
1085 0.0 0.035
1086 0.24 0.035
1087 0.12 0.035
1088 0.0 0.036
1089 0.24 0.036
1090 0.12 0.036
1091 0.0 0.037
1092 0.24 0.037
1093 0.12 0.037
1094 0.0 0.038
1095 0.24 0.038
1096 0.12 0.038
1097 0.0 0.039
1098 0.24 0.039
1099 0.12 0.039
1100 0.0 0.04
1101 0.24 0.04
1102 0.0 0.041
1103 0.24 0.041
1104 0.0 0.042
1105 0.24 0.042
1106 0.0 0.043
1107 0.24 0.043
1108 0.0 0.044
1109 0.24 0.044
1110 0.0 0.045
1111 0.24 0.045
1112 0.0 0.046
1113 0.24 0.046
1114 0.0 0.047
1115 0.24 0.047
1116 0.0 0.048
1117 0.24 0.048
1118 0.0 0.049
1119 0.24 0.049
1120 0.0 0.05
1121 0.24 0.05
1122 0.0 0.051
1123 0.24 0.051
1124 0.12 0.051
1125 0.0 0.052
1126 0.24 0.052
1127 0.12 0.052
1128 0.0 0.053
1129 0.24 0.053
1130 0.12 0.053
1131 0.0 0.054
1132 0.24 0.054
1133 0.12 0.054
1134 0.0 0.055
1135 0.24 0.055
1136 0.12 0.055
1137 0.0 0.056
1138 0.24 0.056
1139 0.12 0.056
1140 0.0 0.057
1141 0.24 0.057
1142 0.12 0.057
1143 0.0 0.058
1144 0.24 0.058
1145 0.12 0.058
1146 0.0 0.059
1147 0.24 0.059
1148 0.12 0.059
1149 0.0 0.06
1150 0.24 0.06
1151 0.12 0.06
1152 0.0 0.061
1153 0.24 0.061
1154 0.12 0.061
1155 0.0 0.062
1156 0.24 0.062
1157 0.12 0.062
1158 0.0 0.063
1159 0.24 0.063
1160 0.12 0.063
1161 0.0 0.064
1162 0.24 0.064
1163 0.12 0.064
1164 0.0 0.065
1165 0.24 0.065
1166 0.12 0.065
1167 0.0 0.066
1168 0.24 0.066
1169 0.12 0.066
1170 0.0 0.067
1171 0.24 0.067
1172 0.12 0.067
1173 0.0 0.068
1174 0.24 0.068
1175 0.12 0.068
1176 0.0 0.069
1177 0.24 0.069
1178 0.12 0.069
1179 0.0 0.07
1180 0.24 0.07
1181 0.12 0.07
1182 0.0 0.071
1183 0.24 0.071
1184 0.12 0.071
1185 0.0 0.072
1186 0.24 0.072
1187 0.12 0.072
1188 0.0 0.073
1189 0.24 0.073
1190 0.12 0.073
1191 0.0 0.074
1192 0.24 0.074
1193 0.12 0.074
1194 0.0 0.075
1195 0.24 0.075
1196 0.12 0.075
1197 0.0 0.076
1198 0.24 0.076
1199 0.12 0.076
1200 0.0 0.077
1201 0.24 0.077
1202 0.12 0.077
1203 0.0 0.078
1204 0.24 0.078
1205 0.12 0.078
1206 0.0 0.079
1207 0.24 0.079
1208 0.12 0.079
1209 0.0 0.08
1210 0.24 0.08
1211 0.12 0.08
1212 0.0 0.081
1213 0.24 0.081
1214 0.12 0.081
1215 0.0 0.082
1216 0.24 0.082
1217 0.12 0.082
1218 0.0 0.083
1219 0.24 0.083
1220 0.12 0.083
1221 0.0 0.084
1222 0.24 0.084
1223 0.12 0.084
1224 0.0 0.085
1225 0.24 0.085
1226 0.12 0.085
1227 0.0 0.086
1228 0.24 0.086
1229 0.12 0.086
1230 0.0 0.087
1231 0.24 0.087
1232 0.12 0.087
1233 0.0 0.088
1234 0.24 0.088
1235 0.12 0.088
1236 0.0 0.089
1237 0.24 0.089
1238 0.12 0.089
